1215 5234
1219 5327
105 5300
1201 5356
1202 5426
1203 5371
1204 5373
1205 5372
1206 5487
1207 5388
1208 5516
1209 5521
1210 5488
1211 5518
1212 5517
1213 5493
1214 5520
1216 5514
1217 5543
1218 5525
1220 5392
1221 5391
1222 5394
1223 5393
1224 5395
1225 5396
1226 5397
1227 5400
1228 5405
1229 5404
1101 5429
1102 5430
1103 5431
1104 5432
1105 5433
1106 5434
1107 5435
1108 5496
1109 5436
1110 5437
1111 5438
1112 5826
1113 5494
1114 5825
1115 5824
1116 5829
1117 5827
1118 5413
1119 5412
1120 5834
1121 5411
1122 5830
1123 5409
1124 5832
1125 5831
1126 5408
1127 5407
1128 5406
1129 5833
1001 5439
1002 5730
1003 5440
1004 5711
1005 5441
1006 5443
1007 5442
1008 5710
1009 5444
1010 5445
1011 5731
1012 5732
1013 5729
1014 5733
1015 5735
1016 5736
1017 5728
1018 5727
1019 5957
1020 5446
1021 5447
1022 5448
1023 5726
1024 5725
1025 5449
1026 5450
1027 5451
1028 5452
1029 5975
901 5454
902 5455
903 5456
904 5457
905 5458
906 5459
907 5460
908 5461
909 5716
910 5463
911 5464
912 5713
913 5465
914 5714
915 5466
916 5715
917 5717
918 5467
919 5836
920 5468
921 5718
922 5837
923 5469
924 5470
925 5722
926 5723
927 5724
928 5737
929 5734
801 5749
802 5750
803 5751
804 5752
805 5763
806 5753
807 5755
808 5756
809 5757
810 5484
811 5762
812 5758
813 5759
814 5760
815 5761
816 5482
817 5481
818 5480
819 5479
820 5478
821 5745
822 5474
823 5473
824 5472
825 5744
826 5743
827 5742
828 5471
829 5741
701 5764
702 5765
703 5968
704 5766
705 5796
706 5767
707 5795
708 5794
709 5793
710 5792
711 5791
712 5790
713 5789
714 5788
715 5786
716 5783
717 5782
718 5781
719 5780
720 5779
721 5778
722 5777
723 5776
724 5775
725 5774
726 5772
727 5773
728 5771
729 5768
601 5820
602 5819
603 5818
604 5817
605 5816
606 5814
607 5815
608 5812
609 5811
610 5813
611 5810
612 5809
613 5808
614 5807
615 5806
616 5805
617 5804
618 5803
619 5802
620 5990
621 5989
622 5949
623 5991
624 5950
625 5951
626 5953
627 5954
628 5955
629 5956
501 5838
502 5840
503 5839
504 5841
505 5842
506 5843
507 5844
508 5845
509 5846
510 5847
511 5848
512 5849
513 5850
514 5851
515 5852
516 5853
517 5854
518 5971
519 5855
520 5856
521 5858
522 5885
523 5860
524 5861
525 5862
526 5865
527 5864
528 5863
529 5866
530 5867
531 5880
532 5868
533 5869
534 5872
535 5874
536 5875
537 5876
538 5877
539 5878
540 5879
541 5881
542 5882
543 5883
544 5884
401 5886
402 5887
403 5888
404 5889
405 5897
406 5898
407 5899
408 5900
409 5901
410 5902
411 5903
412 5904
413 5905
414 5906
415 5907
416 5908
417 5909
418 5910
419 5911
420 5912
421 5919
422 5920
423 5921
424 5962
425 5929
426 5934
427 5935
428 5936
429 5937
430 5938
431 5939
432 5947
433 5940
434 5941
435 5942
436 5943
437 5944
438 5945
439 5946
440 5918
441 5917
442 5916
443 5915
444 5914
