1215 1
1219 3
103 4
104 5
1201 299
1202 301
1203 293
1204 297
1205 292
1206 291
1207 295
1208 296
1209 308
1210 307
1211 298
1212 300
1213 302
1214 290
1216 289
1217 8
1218 6
1220 303
1221 285
1222 284
1223 304
1224 286
1225 306
1226 305
1227 283
1228 282
1229 281
1101 211
1102 208
1103 209
1104 207
1105 206
1106 212
1107 210
1108 213
1109 205
1110 201
1111 200
1112 199
1113 216
1114 198
1115 197
1116 217
1117 202
1118 203
1119 204
1120 225
1121 224
1122 219
1123 218
1124 221
1125 220
1126 223
1127 226
1128 227
1129 222
1001 9
1002 54
1003 55
1004 11
1005 56
1006 58
1007 57
1008 10
1009 61
1010 60
1011 62
1012 63
1013 53
1014 64
1015 67
1016 68
1017 52
1018 51
1019 50
1020 49
1021 48
1022 47
1023 46
1024 45
1025 39
1026 44
1027 43
1028 42
1029 40
901 12
902 14
903 13
904 15
905 16
906 17
907 18
908 19
909 29
910 20
911 21
912 22
913 23
914 24
915 25
916 26
917 27
918 28
919 30
920 31
921 32
922 33
923 34
924 35
925 36
926 37
927 38
928 69
929 65
801 83
802 84
803 85
804 86
805 87
806 88
807 91
808 92
809 93
810 94
811 95
812 96
813 97
814 98
815 99
816 100
817 101
818 102
819 82
820 81
821 80
822 79
823 78
824 77
825 76
826 75
827 72
828 71
829 70
701 103
702 104
703 105
704 106
705 108
706 107
707 126
708 125
709 132
710 123
711 122
712 121
713 120
714 119
715 118
716 117
717 116
718 115
719 114
720 130
721 131
722 129
723 113
724 128
725 112
726 127
727 111
728 110
729 109
601 135
602 136
603 137
604 134
605 133
606 138
607 139
608 140
609 141
610 142
611 143
612 144
613 145
614 146
615 147
616 148
617 149
618 150
619 151
620 311
621 310
622 274
623 312
624 275
625 276
626 277
627 278
628 279
629 280
501 152
502 153
503 154
504 155
505 156
506 157
507 158
508 159
509 160
510 161
511 162
512 163
513 164
514 165
515 166
516 168
517 169
518 170
519 171
520 172
521 173
522 174
523 228
524 176
525 177
526 178
527 179
528 180
529 181
530 182
531 183
532 184
533 185
534 186
535 187
536 188
537 189
538 190
539 191
540 192
541 193
542 194
543 195
544 196
401 249
402 236
403 237
404 238
405 239
406 240
407 241
408 242
409 243
410 244
411 245
412 246
413 247
414 248
415 234
416 233
417 232
418 231
419 230
420 250
421 256
422 257
423 258
424 314
425 259
426 260
427 261
428 262
429 263
430 264
431 265
432 273
433 266
434 267
435 272
436 268
437 269
438 270
439 271
440 255
441 254
442 253
443 252
444 251
